61
76
-19
88
125
126
-26
-33
111
78
71
121
-11
52
87
95
-10
69
51
104
62
116
11
17
13
72
98
20
31
50
105
108
6
74
95
0
123
-6
42
41
-31
96
36
-31
109
125
36
15
123
118
114
-22
49
116
100
112
-22
-21
72
93
100
58
-32
32
-3
111
6
6
100
-25
81
-7
94
63
113
117
-27
79
112
107
87
38
-28
-8
58
-24
28
71
121
101
83
53
61
41
72
-6
-20
23
94
67
48
17
100
-4
80
-20
101
117
126
94
66
45
89
19
48
116
8
77
91
-15
75
-19
17
97
30
121
90
127
50
27
102
67
-11
42
41
30
93
67
-23
121
70
52
49
69
40
53
-18
6
20
-33
31
128
-20
65
66
-3
31
20
89
118
-31
-8
58
19
18
16
-14
-18
107
28
24
52
16
38
7
-30
31
110
52
77
109
80
117
130
35
53
88
83
93
68
72
9
-28
86
38
8
19
0
33
-9
100
123
3
107
112
39
51
-22
4
85
121
44
12
-4
15
76
14
114
31
128
107
65
91
53
-22
20
-13
38
5
72
-32
108
25
121
8
93
100
22
42
5
-20
123
56
-31
-23
71
57
56
91
-12
122
71
-4
109
-14
34
4
121
19
22
81
56
117
86
87
88
-21
-8
102
112
122
73
-12
105
102
89
-25
9
66
-16
63
49
92
84
45
104
85
46
95
117
83
41
-5
56
120
51
50
96
23
10
24
-4
17
24
10
107
-32
124
43
88
12
-31
12
79
1
111
-17
-19
-8
22
-2
6
10
6
99
4
6
5
94
89
-13
61
18
7
45
121
24
70
5
86
93
-2
0
-29
115
54
30
67
35
75
111
58
-1
25
51
-8
-26
87
57
-2
101
-28
89
-1
-32
52
50
68
52
-18
70
-21
60
56
52
51
31
126
19
50
16
40
73
-31
117
52
101
116
83
128
101
61
92
82
121
104
48
-5
50
56
106
122
12
52
23
-23
49
-27
-24
-27
71
-18
41
85
74
-29
-32
5
100
109
6
70
66
-11
-29
69
-32
0
52
-8
-19
51
105
-25
130
31
-15
97
106
52
-11
130
-18
27
95
14
88
-10
42
-18
60
104
22
49
90
13
66
20
82
96
-31
7
108
35
77
40
12
51
50
49
6
98
57
103
18
23
42
26
90
56
77
109
-15
103
74
97
85
98
13
63
44
26
-22
87
41
122
62
98
-1
-10
-26
16
21
46
21
103
113
100
-29
-31
4
35
42
4
122
24
-13
111
12
22
75
25
38
104
0
30
24
100
84
-31
13
109
106
100
0
76
56
103
5
15
60
-29
105
64
114
97
58
-20
-3
15
53
127
-6
-8
54
-26
-5
77
2
70
-13
75
59
17
124
66
28
92
-14
113
25
16
-22
116
113
78
52
31
-26
48
22
59
57
120
130
67
-21
-26
71
96
66
-29
44
82
-16
0
52
-12
41
43
59
37
3
94
97
112
23
-26
58
18
3
6
-2
125
68
-31
10
115
59
82
9
60
-17
-8
15
-20
93
47
54
-21
120
127
118
-11
30
65
31
126
123
13
-24
57
67
126
10
106
109
13
89
-10
63
84
-33
35
100
89
6
38
21
70
-17
76
66
67
47
-13
109
41
42
-25
77
-19
-2
-23
52
112
37
103
80
-33
84
103
18
94
121
127
14
122
92
22
100
33
72
35
-28
83
41
89
-3
52
21
71
41
-22
-16
108
-32
125
66
126
77
-21
70
75
-20
40
-21
87
26
80
5
106
83
53
-32
108
102
-16
42
33
49
-13
88
3
22
-6
109
-4
97
18
93
81
58
77
54
110
128
-24
90
43
-21
46
111
129
118
75
-23
108
-22
117
-17
79
24
115
52
69
112
125
68
-1
26
26
20
33
2
77
50
-22
18
-15
81
109
122
115
5
107
121
101
67
91
-18
-2
113
-11
24
20
95
120
111
-30
58
111
12
39
62
105
-33
-5
89
56
-27
120
-17
-24
-27
48
25
-31
67
33
-10
39
104
37
-15
-32
75
121
91
127
84
93
41
83
49
117
89
93
72
91
29
-31
97
127
103
104
24
-28
83
20
8
7
-3
24
17
111
17
-31
-1
18
18
81
66
92
52
97
8
-11
106
26
125
125
75
109
-2
120
79
47
-22
-1
45
27
76
93
125
-25
88
12
126
-20
86
11
125
-22
55
35
101
130
130
2
5
36
41
-21
-24
60
87
-32
-14
95
28
66
35
46
28
57
82
128
-31
-17
26
54
115
66
7
-21
101
-18
-24
79
53
98
66
62
17
77
88
129
35
1
18
114
114
116
105
82
14
-11
3
128
6
16
37
119
-22
124
128
108
97
16
101
-11
49
-11
128
19
75
-17
57
130
14
106
-31
15
97
85
28
12
124
70
67
88
103
44
87
95
111
114
15
78
96
49
15
62
8
42
119
23
70
47
44
77
4
-7