749
854
219
923
279
579
671
893
202
447
889
283
398
153
316
90
268
341
603
256
424
975
359
272
183
838
770
421
489
236
318
459
788
747
995
333
712
673
900
43
82
741
15
737
934
196
224
776
784
24
369
264
442
435
570
397
135
441
601
672
523
819
599
486
127
526
554
956
838
614
177
742
564
157
276
924
323
232
189
917
457
934
695
252
966
500
631
29
572
750
761
416
188
682
967
700
911
189
563
352
943
444
771
55
632
326
517
779
179
428
186
535
149
16
985
331
968
812
918
969
997
74
863
540
246
620
88
415
476
330
787
693
861
14
78
8
534
209
671
60
554
832
204
400
308
622
18
598
103
976
95
285
235
560
589
154
309
622
439
998
150
614
244
849
395
685
837
275
735
589
992
367
458
795
347
202
900
40
233
842
17
419
762
977
820
487
618
263
325
170
205
455
947
658
209
853
874
86
577
943
838
848
838
89
557
718
638
87
126
82
808
350
426
391
94
905
526
533
297
582
110
463
222
439
398
798
104
310
240
649
773
504
265
315
932
766
994
594
292
222
332
33
370
957
884
880
715
661
158
334
172
736
889
719
466
870
974
316
47
459
193
48
783
907
35
23
844
608
110
759
161
247
873
833
631
855
650
354
128
504
636
816
836
611
939
857
988
75
893
908
912
582
308
86
231
742
47
805
524
505
11
739
20
888
841
232
145
541
691
309
383
109
481
129
557
190
819
271
667
529
422
492
95
411
548
722
832
336
750
275
753
520
747
416
449
447
159
711
310
513
608
235
1000
269
205
107
984
50
681
395
865
148
666
610
260
586
711
307
124
863
791
875
192
287
271
844
831
474
856
922
819
302
604
832
852
778
827
763
41
894
805
548
930
883
906
127
986
799
809
258
940
166
980
163
330
434
318
610
390
5